space 101
' 11001110
, 1000001
- 10001001
. 1000010
C 10000110
E 10001010
G 1000000
K 11001111
R 1000110
T 10000111
U 11001101
W 10001011
a 0010
c 111101
d 111111
e 010
f 011001
g 1000111
h 01101
i 1001
j 11001100
k 10001000
l 00011
m 00010
n 1110
o 0111
p 11000
r 0000
s 0011
t 1101
u 111100
v 011000
w 110010
y 111110
----------------------------------------
10001011 1001 1101 01101 101 1101 01101 010 101 01101 010 00011 11000 101 0111 011001 101 1000110 0111 00011 00011 0011 10001001 1000110 0111 111110 111101 010 1000001 101 11001101 1110 1001 011000 010 0000 0011 1001 1101 111110 101 10001010 1110 1000111 1001 1110 010 010 0000 1001 1110 1000111 101 0010 1110 111111 101 10000110 0111 00010 00010 010 0000 111101 010 101 0011 1101 111100 111111 010 1110 1101 0011 101 110010 1001 00011 00011 101 010 1110 11001100 0111 111110 101 1110 010 110010 101 0111 11000 11000 0111 0000 1101 111100 1110 1001 1101 1001 010 0011 101 011001 0000 0111 00010 101 0010 101 11000 0010 0000 1101 1110 010 0000 0011 01101 1001 11000 101 1101 01101 0010 1101 101 1001 0011 101 11000 0010 0000 1101 101 0111 011001 101 1101 01101 010 101 111101 0111 00010 11000 0010 1110 111110 11001110 0011 101 0011 1101 0010 1101 010 110010 1001 111111 010 101 1001 1110 011000 010 0011 1101 00010 010 1110 1101 101 1001 1110 101 1101 01101 010 101 0010 010 0000 0111 0011 11000 0010 111101 010 101 1001 1110 111111 111100 0011 1101 0000 111110 1000001 101 1000000 0111 011000 1000010 101 10000111 1001 00010 101 11001111 0010 1001 1110 010 101 0010 1110 1110 0111 111100 1110 111101 010 111111 101 00011 0010 0011 1101 101 110010 010 010 10001000 1000010  
----------------------------------------
The compression ratio is 1.82835
The Huffman tree cost: 4.37553 bits per character.
